230.0415	50940
233.6166	51210
237.1903	54420
240.7626	51525
244.3334	48435
247.9027	55260
251.4706	56895
255.037	54870
258.602	59490
262.1655	59880
265.7276	64980
269.2882	64695
272.8474	64440
276.4052	70650
279.9615	67230
283.5163	66465
287.0697	65730
290.6217	65715
294.1722	62835
297.7213	64050
301.2689	67455
304.8151	60375
308.3598	64320
311.9032	67680
315.445	68580
318.9855	67575
322.5245	69930
326.062	60975
329.5981	69330
333.1328	61860
336.6661	73380
340.1979	69180
343.7283	68310
347.2573	76155
350.7849	72780
354.3109	80295
357.8356	76920
361.3589	81885
364.8807	82305
368.4011	81975
371.9201	81495
375.4376	83910
378.9537	85605
382.4684	86235
385.9817	87870
389.4936	90045
393.004	88980
396.513	91815
400.0206	91305
403.5268	86715
407.0316	87300
410.5349	89640
414.0368	93840
417.5373	88305
421.0364	93375
424.5341	92340
428.0304	88965
431.5252	91905
435.0187	91170
438.5107	87870
442.0013	95550
445.4906	96780
448.9784	96870
452.4648	94875
455.9498	102720
459.4334	97380
462.9156	94365
466.3963	102585
469.8757	99270
473.3537	101745
476.8303	97080
480.3055	101415
483.7792	105585
487.2516	107025
490.7226	101040
494.1921	104700
497.6603	109365
501.1271	105315
504.5925	105855
508.0565	101475
511.5191	108390
514.9803	107595
518.4401	111705
521.8985	117045
525.3555	122505
528.8112	110220
532.2654	114390
535.7183	107220
539.1697	106950
542.6199	108975
546.0685	109095
549.5159	109170
552.9618	107415
556.4063	106740
559.8495	106440
563.2913	108720
566.7317	108900
570.1707	111915
573.6083	105855
577.0446	107475
580.4795	113310
583.913	110880
587.3451	109080
590.7758	113175
594.2052	112200
597.6332	115230
601.0598	111750
604.485	113655
607.9089	115725
611.3314	114285
614.7526	116385
618.1724	118530
621.5908	121005
625.0078	119910
628.4234	119925
631.8377	115950
635.2506	118980
638.6622	115980
642.0724	109875
645.4812	112770
648.8887	112095
652.2947	114945
655.6995	116085
659.1028	122010
662.5049	111690
665.9055	115560
669.3048	117855
672.7028	117645
676.0994	125415
679.4946	119910
682.8884	119610
686.2809	125805
689.6721	128145
693.0619	121455
696.4503	124995
699.8375	128220
703.2232	130635
706.6076	127635
709.9906	135360
713.3723	137580
716.7527	135315
720.1317	139995
723.5093	128310
726.8856	134265
730.2606	139620
733.6342	137460
737.0065	134805
740.3774	136620
743.7469	140910
747.1152	140235
750.4821	131895
753.8477	139110
757.2119	141465
760.5748	137970
763.9363	139995
767.2965	134700
770.6553	135345
774.0129	136905
777.3691	136890
780.7239	139755
784.0775	135570
787.4296	147480
790.7805	140895
794.1301	143760
797.4782	145860
800.8251	142185
804.1707	143640
807.5148	143295
810.8577	142215
814.1993	142455
817.5395	140565
820.8784	147675
824.2159	144300
827.5522	148410
830.8871	152220
834.2208	151425
837.553	154725
840.884	152760
844.2136	161250
847.5419	150000
850.8689	154485
854.1946	155970
857.5189	157485
860.842	157875
864.1637	153300
867.4841	157950
870.8032	156180
874.121	153660
877.4374	157605
880.7526	155910
884.0665	160035
887.379	157755
890.6902	157965
894.0001	156450
897.3087	154785
900.616	158670
903.9219	152670
907.2266	157275
910.53	156045
913.832	147225
917.1328	151755
920.4323	154200
923.7304	156120
927.0272	154650
930.3228	151290
933.617	156585
936.9099	158790
940.2015	154185
943.4919	152715
946.7809	155760
950.0687	153375
953.3551	154920
956.6403	153180
959.9241	152550
963.2067	158235
966.4879	158130
969.7679	160275
973.0466	154815
976.3239	155415
979.6	157245
982.8748	157290
986.1483	158385
989.4205	159690
992.6914	163935
995.9611	160680
999.2294	159075
1002.496	161475
1005.762	163770
1009.027	165255
1012.29	157725
1015.552	163860
1018.813	164625
1022.072	163830
1025.33	159105
1028.587	165540
1031.842	164175
1035.096	164970
1038.349	163650
1041.601	159300
1044.851	165180
1048.101	160590
1051.348	165945
1054.595	161535
1057.84	166035
1061.084	163995
1064.327	155340
1067.568	160035
1070.809	161925
1074.047	159495
1077.285	165990
1080.522	161025
1083.757	166800
1086.99	159285
1090.223	162300
1093.454	168015
1096.684	158820
1099.913	160455
1103.141	160440
1106.367	165975
1109.592	160095
1112.816	159195
1116.038	158745
1119.259	164940
1122.479	163980
1125.698	165750
1128.915	166500
1132.131	164670
1135.346	170280
1138.56	164565
1141.772	166350
1144.983	164430
1148.193	169875
1151.402	171180
1154.609	174135
1157.815	167940
1161.02	172170
1164.224	165930
1167.426	170145
1170.627	171735
1173.827	166425
1177.025	172665
1180.223	175185
1183.419	173085
1186.614	175455
1189.807	172155
1192.999	175830
1196.191	177765
1199.38	174750
1202.569	176400
1205.756	179550
1208.942	178500
1212.127	169200
1215.311	168765
1218.493	171270
1221.674	163800
1224.854	165615
1228.033	159360
1231.21	163950
1234.386	160470
1237.561	164310
1240.735	162870
1243.908	166215
1247.079	165120
1250.249	159600
1253.418	160200
1256.585	162390
1259.751	162540
1262.917	167325
1266.08	161625
1269.243	173100
1272.404	174555
1275.564	177225
1278.723	181290
1281.881	183975
1285.037	186675
1288.193	181335
1291.347	179835
1294.499	180705
1297.651	173265
1300.801	169335
1303.95	169185
1307.098	171225
1310.245	174060
1313.39	173235
1316.535	168540
1319.677	168105
1322.819	169050
1325.96	173310
1329.099	173745
1332.237	173670
1335.374	173955
1338.51	175845
1341.644	177570
1344.778	181785
1347.91	190230
1351.04	189090
1354.17	187200
1357.298	193320
1360.426	198675
1363.552	195510
1366.676	182820
1369.8	175560
1372.922	180285
1376.043	174570
1379.163	170580
1382.282	172830
1385.399	167685
1388.516	165720
1391.631	165315
1394.745	165690
1397.857	161010
1400.969	161505
1404.079	160155
1407.188	160680
1410.296	151860
1413.403	156480
1416.508	154890
1419.612	155400
1422.715	155055
1425.817	161370
1428.918	156015
1432.017	157380
1435.116	153450
1438.213	155325
1441.309	157230
1444.403	152700
1447.497	156345
1450.589	148290
1453.68	146850
1456.77	147270
1459.859	149655
1462.946	153165
1466.033	149235
1469.118	142860
1472.202	141360
1475.285	145050
1478.366	147300
1481.446	143385
1484.526	149160
1487.604	149865
1490.68	150195
1493.756	152385
1496.831	160590
1499.904	160335
1502.976	160995
1506.047	161745
1509.117	167655
1512.185	159015
1515.252	156465
1518.319	150900
1521.384	153825
1524.447	158340
1527.51	160500
1530.572	153660
1533.632	151860
1536.691	147405
1539.749	143430
1542.806	143235
1545.861	139440
1548.916	145095
1551.969	145185
1555.021	146775
1558.072	143100
1561.122	141570
1564.17	145875
1567.217	136620
1570.264	138375
1573.309	139875
1576.353	135840
1579.395	135615
1582.437	131370
1585.477	135075
1588.516	140685
1591.554	137415
1594.591	133395
1597.627	132570
1600.661	131505
1603.695	124620
1606.727	133470
1609.758	128385
1612.788	130350
1615.817	129345
1618.844	136155
1621.871	134970
1624.896	129495
1627.92	134400
1630.943	130230
1633.965	138030
1636.985	146085
1640.005	153465
1643.023	162660
1646.04	171120
1649.056	164910
1652.071	165480
1655.085	150045
1658.098	147840
1661.109	135825
1664.119	131940
1667.128	129735
1670.136	118860
1673.143	126540
1676.149	121125
1679.153	125295
1682.156	121140
1685.159	120825
1688.16	121545
1691.16	119280
1694.158	120075
1697.156	117060
1700.152	124455
1703.148	117870
1706.142	115845
1709.135	120015
1712.127	116640
1715.118	119760
1718.107	110610
1721.096	117840
1724.083	112515
1727.069	111435
1730.054	112935
1733.038	110280
1736.021	114195
1739.003	108255
1741.983	109230
1744.963	106440
1747.941	107640
1750.918	116670
1753.894	107895
1756.869	107550
1759.843	107220
1762.815	107280
1765.787	108015
1768.757	104625
1771.726	108765
1774.694	100890
1777.661	100950
1780.627	104580
1783.592	104025
1786.555	100185
1789.518	97905
1792.479	96285
1795.439	97800
1798.398	98925
1801.356	99960
1804.313	99165
1807.268	91530
1810.223	97830
1813.177	100995
1816.129	95205
1819.08	90630
1822.03	93915
1824.979	96045
1827.927	94560
1830.874	91695
1833.819	95895
1836.764	90840
1839.707	86670
1842.649	94290
1845.59	93345
1848.53	90690
1851.469	89445
1854.407	90375
1857.344	92625
1860.279	88755
1863.214	96555
1866.147	90060
1869.079	88260
1872.01	83775
1874.941	87270
1877.869	86340
1880.797	89340
1883.724	89505
1886.649	89565
1889.574	87795
1892.497	90930
1895.42	82785
1898.341	87930
1901.261	83700
1904.18	89415
1907.098	87900
1910.014	85860
1912.93	81870
1915.844	83955
1918.758	86235
1921.67	84285
1924.581	78195
1927.492	76575
1930.401	81930
1933.308	82260
1936.215	88455
1939.121	81900
1942.026	83460
1944.929	82650
1947.832	78630
1950.733	80835
1953.633	79260
1956.532	83100
1959.431	78840
1962.328	83205
1965.223	80190
1968.118	76755
1971.012	78150
1973.905	77100
1976.796	77835
1979.687	75150
1982.576	76890
1985.464	71775
1988.351	80205
1991.237	75945
1994.122	76095
1997.006	76575
1999.889	79500
2002.771	75660
2005.651	75240
2008.531	74670
2011.41	73875
2014.287	72435
2017.163	80445
2020.038	67350
2022.913	71295
2025.786	71145
2028.658	73680
2031.529	72045
2034.398	68940
2037.267	74265
2040.135	72135
2043.001	73290
2045.867	69900
2048.731	75855
2051.595	69720
2054.457	64620
2057.318	68655
2060.178	68130
2063.038	69075
2065.896	67815
2068.753	69900
2071.608	62880
2074.463	64110
2077.317	68925
2080.17	67230
2083.021	67485
2085.872	65955
2088.721	65475
2091.57	67665
2094.417	62280
2097.263	62325
2100.108	63555
2102.952	63300
2105.795	61635
2108.637	66660
2111.478	59805
2114.318	65400
2117.157	61230
2119.995	62805
2122.831	60960
2125.667	62400
2128.501	55710
2131.335	61110
2134.167	63180
2136.999	61635
2139.829	58470
2142.658	59745
2145.486	60435
2148.313	59655
2151.139	57585
2153.965	59010
2156.788	57150
2159.611	58110
2162.433	53130
2165.254	59430
2168.074	58890
2170.892	55410
2173.71	56430
2176.527	57630
2179.342	61365
2182.156	61065
2184.97	56385
2187.782	54810
2190.594	53700
2193.404	55170
2196.213	59460
2199.021	58275
2201.829	53955
2204.635	49350
2207.44	56355
2210.244	55260
2213.047	52170
2215.848	57360
2218.649	59010
2221.449	54270
2224.248	60045
2227.046	53775
2229.842	53550
2232.638	56310
2235.433	59205
2238.226	51150
2241.019	55590
2243.81	55290
2246.601	55920
2249.39	56310
2252.178	51090
2254.966	53235
2257.752	55800
2260.537	56130
2263.322	52065
2266.105	59355
2268.887	57945
2271.668	57330
2274.448	53955
2277.227	58725
2280.005	58110
2282.782	53775
2285.558	59205
2288.333	49500
2291.107	54075
2293.88	56040
2296.652	54510
2299.422	53805
2302.192	59235
2304.961	60960
2307.729	50520
2310.495	51570
2313.261	49380
2316.026	52380
2318.789	50325
2321.552	50340
2324.313	52440
2327.074	57015
2329.833	54780
2332.592	53580
2335.349	48855
2338.106	49950
2340.861	53295
2343.616	45870
2346.369	52425
2349.121	52275
2351.873	50460
2354.623	46530
2357.372	46740
2360.121	49890
2362.868	49005
2365.614	48210
2368.359	46845
2371.104	48330
2373.847	45360
2376.589	46050
2379.33	48210
2382.071	45345
2384.81	44205
2387.548	45705
2390.285	45435
2393.021	43215
2395.756	47625
2398.49	43425
2401.223	44925
2403.955	45660
2406.687	44160
2409.417	47820
2412.146	45885
2414.874	47445
2417.601	43335
2420.327	46995
2423.052	47175
2425.776	44235
2428.499	41535
2431.221	43455
2433.942	40320
2436.662	41265
2439.381	44115
2442.099	42495
2444.816	42900
2447.532	41115
2450.247	41970
2452.961	39495
2455.674	45000
2458.385	40365
2461.096	41235
2463.807	47445
2466.516	45765
2469.223	43635
2471.93	36465
2474.636	38700
2477.342	43560
2480.045	46140
2482.749	42735
2485.45	41010
2488.152	38310
2490.852	38745
2493.551	41295
2496.249	37935
2498.946	43185
2501.642	39975
2504.337	40890
2507.031	39885
2509.724	39150
2512.416	36360
2515.107	34380
2517.797	39375
2520.486	40920
2523.175	37980
2525.862	40305
2528.548	36240
2531.233	36300
2533.917	35940
2536.6	38775
2539.282	36375
2541.964	34245
2544.644	37320
2547.323	33960
2550.001	38775
2552.679	38070
2555.355	39270
2558.031	33600
2560.705	39645
2563.378	40365
2566.051	31860
2568.722	37065
2571.393	38835
2574.062	32355
2576.73	32640
2579.398	31335
2582.064	35100
2584.73	35280
2587.395	32640
2590.058	38205
2592.721	35160
2595.382	33780
2598.043	29565
2600.703	35595
2603.361	34515
2606.019	38010
2608.676	30690
2611.332	37890
2613.987	37200
2616.64	33180
2619.293	33660
2621.945	37215
2624.596	32940
2627.246	35925
2629.895	35385
2632.543	35565
2635.19	35640
2637.836	37725
2640.481	28635
2643.126	34470
2645.769	30975
2648.411	32775
2651.052	37995
2653.693	33135
2656.332	33900
2658.97	33975
2661.608	32235
2664.244	34080
2666.88	38775
2669.514	35295
2672.148	40905
2674.781	32265
2677.412	36000
2680.043	31080
2682.673	35985
2685.301	34455
2687.929	33660
2690.556	33765
2693.182	35910
2695.807	35580
2698.431	35715
2701.054	32385
2703.676	34920
2706.297	38025
2708.917	36030
2711.536	38295
2714.155	37230
2716.772	34560
2719.388	37335
2722.004	35295
2724.618	35010
2727.232	33420
2729.844	33675
2732.456	34395
2735.066	34170
2737.676	30345
2740.285	32745
2742.893	36360
2745.5	34140
2748.105	29880
2750.71	36690
2753.314	30780
2755.917	31185
2758.52	28470
2761.121	34950
2763.721	29550
2766.32	30675
2768.918	35100
2771.516	34110
2774.112	33060
2776.708	36735
2779.302	34245
2781.896	28650
2784.489	27450
2787.08	29625
2789.671	31125
2792.261	32970
2794.85	28245
2797.438	29355
2800.025	31125
2802.611	21750
2805.196	27975
2807.78	28470
2810.364	29460
2812.946	29940
2815.527	31320
2818.108	31290
2820.688	29670
2823.266	31365
2825.844	28395
2828.42	26430
2830.996	28185
2833.571	30555
2836.145	28590
2838.718	31335
2841.29	28380
2843.861	27330
2846.432	31275
2849.001	29235
2851.569	30870
2854.137	27990
2856.703	25980
2859.269	25605
2861.833	29145
2864.397	32370
2866.96	28650
2869.522	27480
2872.083	27135
2874.643	25620
2877.202	28425
2879.76	28905
2882.317	32445
2884.874	28140
2887.429	26805
2889.983	27000
2892.537	27120
2895.089	29985
2897.641	25155
2900.192	27150
2902.742	27600
2905.291	30240
2907.839	24180
2910.386	28935
2912.932	31605
2915.477	27855
2918.022	29025
2920.565	25935
2923.108	28020
2925.649	26940
2928.19	30225
2930.729	28800
2933.269	27885
2935.806	27360
2938.344	29040
2940.879	28395
2943.415	22005
2945.949	31320
2948.482	30090
2951.015	26940
2953.546	24975
2956.077	29040
2958.607	24900
2961.135	27555
2963.663	24030
2966.19	28770
2968.716	24540
2971.241	23295
2973.766	25905
2976.289	22680
2978.812	35280
2981.333	26370
2983.854	23805
2986.374	23295
2988.892	22005
2991.41	24675
2993.927	22920
2996.443	27120
2998.958	27135
3001.473	29250
3003.986	23430
3006.499	23115
3009.01	21570
3011.521	23655
3014.031	27705
3016.54	27510
3019.048	21750
3021.555	19845
3024.061	27300
3026.566	18420
3029.071	24165
3031.574	26775
3034.077	28890
3036.578	23895
3039.079	23385
3041.579	23115
3044.078	24300
3046.576	20790
3049.073	21435
3051.57	23565
3054.065	23250
3056.56	27390
3059.053	24405
3061.546	23880
3064.038	28455
3066.529	21870
3069.019	24045
3071.508	23430
3073.996	22680
3076.484	28590
3078.97	22320
3081.456	20505
3083.94	19815
3086.424	18885
3088.907	25935
3091.389	26625
3093.87	22815
3096.351	21225
3098.83	20685
3101.309	23880
3103.786	25515
3106.263	20955
3108.739	24645
3111.214	20595
3113.688	20865
3116.161	25545
3118.633	25920
3121.105	21885
3123.575	18360
3126.045	19755
3128.514	18810
3130.982	20745
3133.448	16335
3135.915	21810
3138.38	21105
3140.844	24240
3143.308	22155
3145.771	22650
3148.232	22620
3150.693	20400
3153.153	23700
3155.612	18225
3158.07	15240
3160.528	19800
3162.984	15945
3165.44	18240
3167.895	20970
3170.348	14460
3172.801	18270
3175.253	19005
3177.705	17850
3180.155	21735
3182.604	15015
3185.053	13095
3187.501	22020
3189.948	18735